  (0, 895)	0.404223610255
  (0, 3940)	0.0791191796266
  (0, 1056)	0.0410551125488
  (0, 5077)	0.0558597255823
  (0, 2379)	0.036922128237
  (0, 5217)	0.0533646040368
  (0, 1453)	0.0518007340265
  (0, 2245)	0.0518007340265
  (0, 3593)	0.0439412158129
  (0, 922)	0.0466015813751
  (0, 3070)	0.0504785007728
  (0, 2631)	0.0414736120169
  (0, 3905)	0.0533646040368
  (0, 4248)	0.221114504962
  (0, 4020)	0.0427059327616
  (0, 5079)	0.0451686686811
  (0, 1458)	0.0533646040368
  (0, 3368)	0.0675747665704
  (0, 2832)	0.0466015813751
  (0, 2576)	0.0374421382106
  (0, 5192)	0.0356534202027
  (0, 1566)	0.0336140938034
  (0, 1785)	0.0865893702405
  (0, 2526)	0.115492460073
  (0, 2755)	0.0379957198029
  :	:
  (924, 2367)	0.0629522266893
  (924, 3417)	0.119738475222
  (924, 4050)	0.0805313095164
  (924, 4953)	0.115592531015
  (924, 760)	0.0739607773751
  (924, 4752)	0.0599326708463
  (924, 2577)	0.0799766498864
  (924, 2870)	0.0978393980368
  (924, 4290)	0.0864480899647
  (924, 4310)	0.100943215783
  (924, 4893)	0.10467162067
  (924, 1666)	0.112205047946
  (924, 4978)	0.157829325378
  (924, 5202)	0.0789146626888
  (924, 2843)	0.0764983122704
  (924, 1029)	0.100943215783
  (924, 3671)	0.257068886483
  (924, 3616)	0.119738475222
  (924, 4999)	0.577962655076
  (924, 212)	0.346777593046
  (924, 352)	0.23118506203
  (924, 1919)	0.119738475222
  (924, 1886)	0.125083526936
  (924, 3001)	0.125083526936
  (924, 2272)	0.125083526936